N	
150	

p
250


cap
3.500	


R
60


City	Total
1	36428
2	7321
3	3163
4	5864
5	12261
6	4961
7	23013
8	2636
9	2222
10	11413
11	983
12	1497
13	9528
14	29316
15	7133
16	4886
17	23137
18	3170
19	35738
20	1456
21	2211
22	4446
23	3711
24	3773
25	1936
26	5194
27	953
28	5503
29	3118
30	10571
31	114771
32	35618
33	8428
34	11035
35	12802
36	1972
37	5200
38	10160
39	92143
40	739
41	15761
42	305149
43	2460
44	1046
45	1144
46	80888
47	23623
48	698
49	3584
50	7694
51	5834
52	1404
53	2223
54	6235
55	6470
56	2915
57	809
58	28754
59	1717
60	4009
61	3670
62	13320
63	827
64	8481
65	1178
66	3609
67	1131
68	2054
69	5319
70	4897
71	4009
72	9124
73	1360
74	42936
75	2486
76	2113
77	7389
78	7665
79	1101
80	11710
81	9423
82	3620
83	1107
84	682
85	1126
86	89866
87	3594
88	1308
89	8045
90	9565
91	1621
92	4560
93	2083
94	3775
95	1921
96	17048
97	1362
98	5072
99	2842
100	12238
101	10536
102	1789
103	2062
104	1395
105	17156
106	2268
107	1730
108	5853
109	11360
110	18074
111	8904
112	3604
113	758
114	9000
115	1090
116	1442
117	4836
118	1424
119	2990
120	2873
121	3746
122	5775
123	36899
124	2235
125	21433
126	1211
127	2186
128	5750
129	2273
130	3770
131	1859
132	2404
133	6349
134	8522
135	1057
136	1011
137	4185
138	4000
139	1125
140	608
141	12004
142	1059
143	43755
144	1341
145	5705
146	2280
147	4636
148	27461
149	3100
150	19412
