N
90	

p
60	

cap
2.000	


R
60

City    Total
1		59244
2		15542
3		12407
4		9294
5		7483
6		6830
7		4739
8		4340
9		4145
10		2853
11		2443
12		2300
13		2094
14		2015
15		1998
16		1890
17		1749
18		1588
19		1586
20		1463
21		1412
22		1398
23		1388
24		1293
25		1265
26		1206
27		1152
28		1126
29		1036
30		1026
31		1006
32		1003
33		980
34		948
35		903
36		900
37		825
38		825
39		816
40		812
41		775
42		736
43		731
44		720
45		696
46		691
47		623
48		615
49		602
50		595
51		586
52		556
53		538
54		535
55		524
56		504
57		504
58		498
59		487
60		472
61		470
62		466
63		463
64		432
65		428
66		427
67		415
68		366
69		363
70		352
71		351
72		327
73		327
74		323
75		322
76		316
77		310
78		284
79		283
80		283
81		282
82		281
83		262
84		259
85		257
86		253
87		224
88		222
89		212
90		197

